SOURCE
4000192990
6100224750
4000244809
4000203012
4000203535
6100218883
6100597900
4000134797
4000136084
4000136085
4000143504
6130458629
4000169878
6100138979
4000276032
4000151173
4000112283
4000112511
3000036051
4000185981
6100272396
4000182064
4000203173
4000203534
4000158898
6100580222
4000139210
4000144727
4000144732
4000198038
4000201993
4000255899
4000257951
6100721400
4000151129
4000152883
4000097131
4000190000
4000086200
4000244749
4000074312
6101002621
6101011363
4000155089
6100330546
6100601012
4000063904
4000139208
4000144725
4000144728
4000252898
USEZ
4000213118
4000217421
4000276054
4000276413
4000151130
4000151131
4000151168
4000151184
4000175528
6100518461
4000085908
6100481954
6101002630
4000040846
6100152211
4000134796
4000134800
4000134802
4000136082
4000252897
6130450672
UT27
4000173642
4000174440
ADMINUS10
4000212164
4000025341
4000151186
4000151190
4000151191
4000152869
UT23
6100402978
6100447662
4000185407
4000186979
4000192495
4000119439
4000026368
4000154737
4000154854
4000156718
6100147861
6100164146
6100345166
4000232786
4000134803
4000139209
4000139214
4000143331
4000144731
4000144790
6130508549
6130567039
UT2Y
4000302212
4000148380
4000151172
4000151179
4000151188
6101022075
4000224240
4000193017
4000193449
4000182465
4000089495
4000238176
4000120338
4000123690
4000202422
4000203533
4000235728
6100595984
4000134794
4000134795
4000134801
4000139142
6130538534
4000253851
4000151170
4000151189
4000225933
4000105998
6101001515
4000231487
4000139205
4000139213
4000144724
6130549924
USYK
4000290835
4000147484
4000147701
4000151193
4000151194
4000152861
3000048168
4000189830
4000190944
4000193443
6100232698
6100200883
6100218918
4000266053
4000064119
4000134798
4000139146
4000144733
6130528518
6130536616
USCE
4000174946
USQW
4000273859
4000151132
4000151169
4000151178
4000151182
4000151187

